1 0.364489 0.460733 0.050611 0.337696
1 0.297299 0.742147 0.125654 0.172775
1 0.130633 0.361257 0.071553 0.280105
1 0.269376 0.166230 0.094241 0.287958
1 0.258032 0.456806 0.085515 0.251309
1 0.404629 0.183246 0.043630 0.227749
1 0.531156 0.128272 0.129145 0.227749
1 0.635868 0.238220 0.087260 0.253927
1 0.776357 0.294503 0.068063 0.329843
1 0.682989 0.625654 0.115183 0.201571
1 0.625397 0.869110 0.139616 0.238220
1 0.492762 0.702880 0.230366 0.094241
1 0.516322 0.547120 0.200698 0.212042
1 0.843547 0.577225 0.115183 0.267016