1 0.503233 0.700262 0.139616 0.219895
1 0.842674 0.325916 0.172775 0.188482
1 0.745816 0.133508 0.111693 0.164921
1 0.607072 0.479058 0.123909 0.201571
1 0.506723 0.072644 0.118674 0.145288
1 0.113746 0.125000 0.227491 0.250000
1 0.218765 0.396597 0.108202 0.167539
1 0.218765 0.602094 0.143106 0.196335
1 0.098911 0.803665 0.197822 0.306283
1 0.363617 0.845550 0.125654 0.253927
1 0.242325 0.900524 0.089005 0.143979
1 0.392413 0.159686 0.061082 0.096859
1 0.339184 0.226440 0.052356 0.068063
1 0.366235 0.509162 0.165794 0.361257
1 0.607072 0.208115 0.158813 0.188482
1 0.824915 0.809555 0.350170 0.380890