1 0.310993 0.375878 0.320604 0.213115
1 0.594605 0.503513 0.239573 0.154567
1 0.719676 0.409836 0.158541 0.103044
1 0.494196 0.165105 0.708148 0.330210
1 0.063014 0.053864 0.126028 0.107728
1 0.189445 0.180328 0.162064 0.098361
1 0.332132 0.606557 0.271281 0.196721
1 0.120744 0.555035 0.165587 0.103044
1 0.096082 0.322014 0.151494 0.105386
1 0.173993 0.805621 0.347986 0.388758
1 0.603412 0.733021 0.327651 0.229508
1 0.841223 0.665105 0.176156 0.121780
1 0.805992 0.784543 0.169110 0.126464
1 0.439587 0.833724 0.169110 0.117096
1 0.904640 0.299766 0.155018 0.098361