1 0.202186 0.859612 0.280977 0.280776
1 0.499743 0.114061 0.136126 0.118145
1 0.833076 0.305718 0.181501 0.270420
1 0.203058 0.363477 0.184991 0.102392
1 0.130633 0.179697 0.179756 0.244166
1 0.145159 0.434364 0.290318 0.165402
1 0.176008 0.637835 0.190227 0.099767
1 0.859254 0.578763 0.132635 0.186406
1 0.862744 0.892430 0.198953 0.215140
1 0.668154 0.877990 0.277487 0.244020
1 0.474437 0.887179 0.141361 0.225642
1 0.700441 0.085254 0.157068 0.170508
1 0.787701 0.112821 0.195462 0.225642
1 0.352273 0.895055 0.137871 0.209889
1 0.181808 0.115446 0.363616 0.230892
1 0.899086 0.854434 0.201828 0.270420
1 0.969767 0.573512 0.060466 0.144399